TeamA
TeamB
Information about the server:
Port: 6667
Map of 20x30 cells
Player max per team: 6
Delay for each action: 100
Name of each team
(Time waiting for a graphic response: 7.500000)
new client
4 -> BIENVENUE
4 <- GRAPHIC
4 -> msz 30 20
4 -> sgt 100
4 -> bct 0 0 8 2 6 3 1 3 1
4 -> bct 1 0 7 7 0 1 1 3 0
4 -> bct 2 0 1 7 6 0 2 3 1
4 -> bct 3 0 1 1 6 5 1 2 0
4 -> bct 4 0 7 0 4 3 3 0 0
4 -> bct 5 0 8 3 2 4 1 3 1
4 -> bct 6 0 5 7 7 3 3 1 0
4 -> bct 7 0 7 5 1 4 4 0 0
4 -> bct 8 0 8 0 0 0 4 0 1
4 -> bct 9 0 2 6 1 2 0 1 1
4 -> bct 10 0 3 5 0 1 4 1 1
4 -> bct 11 0 5 0 5 5 0 2 1
4 -> bct 12 0 2 6 0 5 1 3 0
4 -> bct 13 0 1 1 1 0 3 1 0
4 -> bct 14 0 8 2 7 3 0 1 1
4 -> bct 15 0 5 1 0 2 2 2 1
4 -> bct 16 0 5 6 7 2 0 3 0
4 -> bct 17 0 5 6 5 5 1 0 0
4 -> bct 18 0 3 1 2 2 3 3 1
4 -> bct 19 0 9 7 7 5 4 2 0
4 -> bct 20 0 2 1 5 4 3 3 0
4 -> bct 21 0 7 1 0 1 4 1 1
4 -> bct 22 0 7 5 5 4 3 1 0
4 -> bct 23 0 9 3 6 2 0 1 1
4 -> bct 24 0 2 2 1 1 3 1 0
4 -> bct 25 0 5 4 5 3 4 1 0
4 -> bct 26 0 7 6 6 1 3 1 1
4 -> bct 27 0 2 3 6 2 3 2 1
4 -> bct 28 0 6 5 1 4 2 0 0
4 -> bct 29 0 7 7 3 3 4 2 0
4 -> bct 0 1 9 4 5 3 3 3 1
4 -> bct 1 1 6 7 5 3 2 3 0
4 -> bct 2 1 9 1 5 3 1 0 0
4 -> bct 3 1 4 5 2 4 3 1 0
4 -> bct 4 1 8 2 5 4 3 2 0
4 -> bct 5 1 9 0 1 4 2 2 0
4 -> bct 6 1 8 2 6 2 2 3 0
4 -> bct 7 1 5 3 4 5 3 0 1
4 -> bct 8 1 5 0 5 1 2 2 1
4 -> bct 9 1 8 0 4 2 3 2 0
4 -> bct 10 1 3 2 6 1 0 0 0
4 -> bct 11 1 8 0 7 2 0 3 0
4 -> bct 12 1 9 4 1 1 2 2 1
4 -> bct 13 1 4 1 3 4 3 0 1
4 -> bct 14 1 5 3 2 4 1 2 1
4 -> bct 15 1 1 4 6 5 0 3 1
4 -> bct 16 1 2 6 0 4 2 2 1
4 -> bct 17 1 4 6 7 1 0 0 1
4 -> bct 18 1 1 2 7 4 2 3 1
4 -> bct 19 1 1 2 4 5 2 3 1
4 -> bct 20 1 5 2 5 2 2 2 0
4 -> bct 21 1 3 0 0 5 4 3 1
4 -> bct 22 1 0 1 4 1 2 3 1
4 -> bct 23 1 8 3 6 4 2 3 0
4 -> bct 24 1 9 0 1 5 1 3 1
4 -> bct 25 1 9 2 0 1 0 3 0
4 -> bct 26 1 4 5 6 0 3 2 1
4 -> bct 27 1 5 6 7 0 4 2 0
4 -> bct 28 1 2 0 4 2 1 3 0
4 -> bct 29 1 1 4 5 3 1 1 0
4 -> bct 0 2 7 0 3 1 1 2 1
4 -> bct 1 2 8 4 5 5 3 0 1
4 -> bct 2 2 0 1 2 2 3 0 0
4 -> bct 3 2 8 5 7 0 3 1 1
4 -> bct 4 2 4 2 4 1 1 2 1
4 -> bct 5 2 1 4 6 3 3 2 0
4 -> bct 6 2 1 7 1 2 0 3 1
4 -> bct 7 2 8 6 5 5 1 2 0
4 -> bct 8 2 2 6 7 1 4 0 1
4 -> bct 9 2 8 7 2 2 3 0 1
4 -> bct 10 2 8 3 7 5 3 1 0
4 -> bct 11 2 2 3 7 5 1 2 1
4 -> bct 12 2 7 6 2 4 4 3 0
4 -> bct 13 2 2 7 7 4 4 0 1
4 -> bct 14 2 7 3 6 5 2 2 0
4 -> bct 15 2 8 2 3 3 1 0 0
4 -> bct 16 2 5 1 4 5 1 0 0
4 -> bct 17 2 5 0 1 2 4 1 0
4 -> bct 18 2 1 3 6 2 2 2 1
4 -> bct 19 2 4 5 4 4 2 2 1
4 -> bct 20 2 4 4 6 3 4 0 0
4 -> bct 21 2 3 4 2 0 0 2 0
4 -> bct 22 2 1 7 1 2 0 3 1
4 -> bct 23 2 8 4 1 0 3 2 0
4 -> bct 24 2 5 3 3 3 1 3 1
4 -> bct 25 2 1 3 6 2 2 3 0
4 -> bct 26 2 0 0 2 5 2 1 0
4 -> bct 27 2 8 0 2 5 4 0 0
4 -> bct 28 2 3 4 5 1 0 0 1
4 -> bct 29 2 2 3 6 0 2 1 0
4 -> bct 0 3 3 0 3 4 3 1 1
4 -> bct 1 3 1 3 5 5 3 3 1
4 -> bct 2 3 9 6 0 1 3 3 0
4 -> bct 3 3 1 7 7 5 1 1 0
4 -> bct 4 3 3 2 5 2 3 2 0
4 -> bct 5 3 9 4 4 0 2 0 1
4 -> bct 6 3 7 2 1 2 0 2 0
4 -> bct 7 3 1 4 2 5 2 2 0
4 -> bct 8 3 7 7 3 1 0 0 1
4 -> bct 9 3 0 2 1 4 4 0 1
4 -> bct 10 3 1 4 2 0 0 1 0
4 -> bct 11 3 3 1 0 3 0 2 0
4 -> bct 12 3 6 7 5 2 0 2 0
4 -> bct 13 3 3 7 1 4 0 0 1
4 -> bct 14 3 6 1 0 3 4 3 0
4 -> bct 15 3 7 3 7 0 0 0 1
4 -> bct 16 3 1 2 1 3 1 0 1
4 -> bct 17 3 1 6 0 1 3 2 0
4 -> bct 18 3 8 3 1 0 3 0 1
4 -> bct 19 3 0 6 5 3 0 0 0
4 -> bct 20 3 6 7 1 1 4 1 1
4 -> bct 21 3 6 0 3 0 1 1 1
4 -> bct 22 3 3 4 5 4 4 2 0
4 -> bct 23 3 3 0 4 4 3 3 1
4 -> bct 24 3 8 6 0 3 0 2 0
4 -> bct 25 3 7 5 4 0 0 2 0
4 -> bct 26 3 8 6 3 3 3 2 1
4 -> bct 27 3 4 7 0 0 1 2 1
4 -> bct 28 3 8 4 5 1 2 3 1
4 -> bct 29 3 3 2 7 3 0 2 1
4 -> bct 0 4 5 6 1 3 4 3 0
4 -> bct 1 4 5 3 5 4 4 1 0
4 -> bct 2 4 2 0 7 3 4 2 1
4 -> bct 3 4 3 6 6 2 4 0 1
4 -> bct 4 4 4 1 7 2 0 3 1
4 -> bct 5 4 3 0 5 3 2 0 0
4 -> bct 6 4 5 6 1 3 2 0 0
4 -> bct 7 4 0 0 1 2 1 2 0
4 -> bct 8 4 8 3 6 4 1 2 0
4 -> bct 9 4 0 7 6 0 1 3 1
4 -> bct 10 4 6 3 3 1 0 3 0
4 -> bct 11 4 4 2 7 3 2 0 0
4 -> bct 12 4 6 6 6 4 0 2 0
4 -> bct 13 4 9 3 3 4 4 0 0
4 -> bct 14 4 2 7 3 0 3 3 1
4 -> bct 15 4 2 4 1 1 3 1 0
4 -> bct 16 4 8 0 3 3 2 2 0
4 -> bct 17 4 1 4 1 1 3 3 0
4 -> bct 18 4 2 0 5 1 3 3 1
4 -> bct 19 4 7 7 4 0 4 0 1
4 -> bct 20 4 5 3 2 1 0 3 1
4 -> bct 21 4 6 0 4 4 0 0 1
4 -> bct 22 4 4 1 3 1 2 0 1
4 -> bct 23 4 7 3 5 0 3 3 0
4 -> bct 24 4 4 7 1 3 4 2 0
4 -> bct 25 4 6 7 1 0 4 3 1
4 -> bct 26 4 3 7 3 2 4 1 0
4 -> bct 27 4 6 3 3 1 1 1 1
4 -> bct 28 4 0 5 1 0 0 2 0
4 -> bct 29 4 6 3 5 1 0 0 0
4 -> bct 0 5 7 7 7 2 0 0 1
4 -> bct 1 5 7 0 6 4 0 3 1
4 -> bct 2 5 1 1 6 2 3 0 1
4 -> bct 3 5 7 2 1 4 3 3 0
4 -> bct 4 5 3 4 5 5 2 3 1
4 -> bct 5 5 5 7 3 2 4 0 0
4 -> bct 6 5 2 5 4 3 1 3 1
4 -> bct 7 5 6 6 2 5 2 2 0
4 -> bct 8 5 2 6 1 5 2 2 0
4 -> bct 9 5 9 4 6 5 1 2 1
4 -> bct 10 5 4 1 5 5 1 3 0
4 -> bct 11 5 2 6 3 5 2 2 1
4 -> bct 12 5 4 1 6 3 1 3 1
4 -> bct 13 5 5 1 0 5 2 0 1
4 -> bct 14 5 4 0 1 1 3 3 1
4 -> bct 15 5 7 7 1 3 3 3 0
4 -> bct 16 5 9 5 6 2 1 2 0
4 -> bct 17 5 5 3 7 3 1 2 1
4 -> bct 18 5 9 6 6 0 2 1 0
4 -> bct 19 5 5 2 4 2 1 0 1
4 -> bct 20 5 0 6 3 5 1 0 1
4 -> bct 21 5 2 6 2 5 1 2 0
4 -> bct 22 5 2 5 1 2 1 1 1
4 -> bct 23 5 3 0 4 5 2 2 1
4 -> bct 24 5 7 3 6 4 3 3 0
4 -> bct 25 5 3 0 3 2 4 3 1
4 -> bct 26 5 7 2 1 5 0 3 1
4 -> bct 27 5 5 7 5 0 2 0 0
4 -> bct 28 5 4 2 3 0 4 3 0
4 -> bct 29 5 4 2 6 5 2 3 1
4 -> bct 0 6 6 3 0 5 0 3 0
4 -> bct 1 6 3 7 1 5 0 2 1
4 -> bct 2 6 4 0 3 2 2 2 1
4 -> bct 3 6 3 1 0 3 4 3 1
4 -> bct 4 6 1 1 6 3 0 2 0
4 -> bct 5 6 7 3 2 4 3 1 0
4 -> bct 6 6 6 6 7 3 3 0 1
4 -> bct 7 6 3 6 7 3 0 0 0
4 -> bct 8 6 6 4 5 1 4 1 0
4 -> bct 9 6 7 5 6 3 0 0 0
4 -> bct 10 6 8 0 7 2 0 2 1
4 -> bct 11 6 4 5 5 4 4 0 0
4 -> bct 12 6 5 1 2 0 2 0 1
4 -> bct 13 6 0 4 2 0 3 1 0
4 -> bct 14 6 9 1 0 0 4 2 0
4 -> bct 15 6 8 6 1 2 1 0 1
4 -> bct 16 6 0 1 3 0 2 0 1
4 -> bct 17 6 1 2 2 4 3 3 0
4 -> bct 18 6 4 5 7 5 3 1 1
4 -> bct 19 6 1 0 2 1 3 3 0
4 -> bct 20 6 8 3 5 2 3 0 1
4 -> bct 21 6 0 5 4 1 0 2 1
4 -> bct 22 6 5 5 5 1 4 2 1
4 -> bct 23 6 1 6 1 3 2 2 0
4 -> bct 24 6 2 3 5 3 0 0 1
4 -> bct 25 6 1 6 7 1 0 1 1
4 -> bct 26 6 0 6 4 2 1 2 1
4 -> bct 27 6 8 6 4 4 3 2 1
4 -> bct 28 6 7 2 7 2 4 0 1
4 -> bct 29 6 8 0 3 4 3 1 0
4 -> bct 0 7 6 1 3 5 2 2 1
4 -> bct 1 7 0 2 2 1 2 3 0
4 -> bct 2 7 0 2 5 4 1 2 1
4 -> bct 3 7 5 0 4 0 1 3 1
4 -> bct 4 7 7 1 7 4 1 1 0
4 -> bct 5 7 6 3 6 1 0 2 0
4 -> bct 6 7 1 3 1 0 4 2 1
4 -> bct 7 7 3 3 0 4 4 2 1
4 -> bct 8 7 9 1 7 4 2 2 1
4 -> bct 9 7 6 5 3 4 1 0 0
4 -> bct 10 7 0 3 3 4 2 2 0
4 -> bct 11 7 0 2 3 5 1 3 1
4 -> bct 12 7 8 7 5 2 2 2 1
4 -> bct 13 7 2 5 6 2 4 3 0
4 -> bct 14 7 6 0 4 3 0 0 0
4 -> bct 15 7 0 5 0 1 3 3 1
4 -> bct 16 7 0 4 7 3 1 0 1
4 -> bct 17 7 9 0 1 3 0 1 0
4 -> bct 18 7 2 7 2 0 4 3 0
4 -> bct 19 7 2 5 3 2 2 0 1
4 -> bct 20 7 8 0 6 4 4 3 1
4 -> bct 21 7 7 0 5 2 2 0 0
4 -> bct 22 7 6 5 5 1 2 2 0
4 -> bct 23 7 5 1 0 0 4 0 0
4 -> bct 24 7 1 4 6 5 0 2 0
4 -> bct 25 7 4 5 1 1 0 1 0
4 -> bct 26 7 3 7 0 4 3 3 1
4 -> bct 27 7 2 7 1 3 1 1 1
4 -> bct 28 7 9 0 2 0 4 3 1
4 -> bct 29 7 8 7 5 3 1 0 0
4 -> bct 0 8 0 3 7 1 2 0 0
4 -> bct 1 8 5 6 7 4 2 0 1
4 -> bct 2 8 6 1 4 3 1 3 0
4 -> bct 3 8 9 0 0 0 4 2 0
4 -> bct 4 8 2 7 6 0 1 1 0
4 -> bct 5 8 4 7 3 0 0 0 1
4 -> bct 6 8 2 4 5 1 0 2 0
4 -> bct 7 8 8 4 2 0 0 3 0
4 -> bct 8 8 2 3 1 2 1 3 0
4 -> bct 9 8 2 4 7 2 2 1 1
4 -> bct 10 8 4 3 6 2 3 2 0
4 -> bct 11 8 4 1 5 4 1 0 1
4 -> bct 12 8 5 5 7 1 2 1 0
4 -> bct 13 8 6 4 3 5 4 2 1
4 -> bct 14 8 1 3 6 0 2 2 0
4 -> bct 15 8 5 7 6 5 1 0 1
4 -> bct 16 8 2 1 0 3 0 3 0
4 -> bct 17 8 5 3 4 3 0 2 0
4 -> bct 18 8 2 3 5 4 0 2 1
4 -> bct 19 8 2 0 5 1 0 2 0
4 -> bct 20 8 8 5 4 3 1 3 1
4 -> bct 21 8 0 5 7 1 2 3 1
4 -> bct 22 8 6 0 6 2 1 1 1
4 -> bct 23 8 0 4 1 1 4 2 1
4 -> bct 24 8 7 0 1 5 4 2 0
4 -> bct 25 8 1 3 6 5 1 0 1
4 -> bct 26 8 3 6 4 3 0 3 1
4 -> bct 27 8 2 7 0 5 3 3 0
4 -> bct 28 8 3 6 0 5 0 1 1
4 -> bct 29 8 8 2 1 2 0 2 1
4 -> bct 0 9 3 7 0 0 1 0 0
4 -> bct 1 9 8 2 5 2 1 3 0
4 -> bct 2 9 1 1 6 2 1 0 1
4 -> bct 3 9 8 2 1 4 1 2 0
4 -> bct 4 9 1 1 7 2 2 1 1
4 -> bct 5 9 2 0 7 5 3 2 0
4 -> bct 6 9 4 6 2 1 3 3 0
4 -> bct 7 9 2 6 5 2 0 3 1
4 -> bct 8 9 2 6 2 2 2 3 0
4 -> bct 9 9 3 4 6 0 4 0 0
4 -> bct 10 9 0 5 0 4 1 2 0
4 -> bct 11 9 4 1 3 4 4 2 1
4 -> bct 12 9 9 3 6 5 4 0 1
4 -> bct 13 9 6 3 5 5 4 2 0
4 -> bct 14 9 8 5 6 4 2 3 1
4 -> bct 15 9 1 1 3 5 1 0 0
4 -> bct 16 9 8 5 6 1 2 1 1
4 -> bct 17 9 5 5 0 2 3 3 0
4 -> bct 18 9 3 2 0 2 3 3 0
4 -> bct 19 9 1 6 7 3 2 3 1
4 -> bct 20 9 9 6 0 5 4 0 1
4 -> bct 21 9 9 0 4 5 4 2 1
4 -> bct 22 9 5 1 7 1 3 0 0
4 -> bct 23 9 0 2 0 5 1 0 1
4 -> bct 24 9 0 4 0 0 2 3 0
4 -> bct 25 9 5 7 7 0 2 2 0
4 -> bct 26 9 4 0 5 2 0 3 1
4 -> bct 27 9 9 4 5 2 4 2 0
4 -> bct 28 9 5 3 0 5 3 3 1
4 -> bct 29 9 5 7 3 5 4 1 0
4 -> bct 0 10 4 4 7 2 1 3 1
4 -> bct 1 10 2 6 3 1 0 0 0
4 -> bct 2 10 4 0 0 4 3 0 1
4 -> bct 3 10 1 6 4 0 1 0 1
4 -> bct 4 10 9 0 1 0 3 3 0
4 -> bct 5 10 3 7 4 4 0 3 0
4 -> bct 6 10 5 2 5 3 0 1 0
4 -> bct 7 10 0 6 7 1 4 2 0
4 -> bct 8 10 1 1 6 2 0 0 1
4 -> bct 9 10 3 7 1 2 4 3 1
4 -> bct 10 10 9 1 6 5 3 1 1
4 -> bct 11 10 4 0 1 0 4 2 1
4 -> bct 12 10 7 3 2 2 4 0 1
4 -> bct 13 10 1 2 1 0 3 0 0
4 -> bct 14 10 2 2 6 4 3 2 0
4 -> bct 15 10 9 3 0 3 0 1 1
4 -> bct 16 10 3 3 3 3 1 3 1
4 -> bct 17 10 9 5 5 4 0 3 0
4 -> bct 18 10 1 4 5 3 2 0 1
4 -> bct 19 10 0 4 1 3 1 3 1
4 -> bct 20 10 0 4 2 0 2 0 0
4 -> bct 21 10 2 0 1 5 0 1 0
4 -> bct 22 10 6 6 5 1 2 2 0
4 -> bct 23 10 8 6 0 2 2 2 1
4 -> bct 24 10 2 6 2 2 3 0 0
4 -> bct 25 10 3 6 7 0 0 2 1
4 -> bct 26 10 7 6 5 5 4 1 0
4 -> bct 27 10 6 6 3 2 2 3 0
4 -> bct 28 10 9 2 0 1 3 3 1
4 -> bct 29 10 8 4 1 4 2 1 1
4 -> bct 0 11 6 2 1 0 4 1 0
4 -> bct 1 11 3 2 1 3 2 3 1
4 -> bct 2 11 6 2 4 2 0 1 0
4 -> bct 3 11 7 3 0 0 1 0 0
4 -> bct 4 11 1 1 4 2 2 0 0
4 -> bct 5 11 3 0 0 2 3 3 1
4 -> bct 6 11 5 5 0 0 4 1 1
4 -> bct 7 11 1 3 0 4 1 0 1
4 -> bct 8 11 4 1 5 5 4 1 0
4 -> bct 9 11 4 0 3 0 0 2 0
4 -> bct 10 11 1 3 5 3 4 0 1
4 -> bct 11 11 3 3 5 3 0 0 1
4 -> bct 12 11 1 0 6 1 1 3 1
4 -> bct 13 11 6 5 3 3 0 1 1
4 -> bct 14 11 7 4 0 3 0 0 0
4 -> bct 15 11 4 5 5 0 2 1 1
4 -> bct 16 11 0 7 4 3 2 3 0
4 -> bct 17 11 5 2 7 3 2 0 0
4 -> bct 18 11 5 2 4 3 1 3 1
4 -> bct 19 11 1 2 1 5 0 0 0
4 -> bct 20 11 1 4 4 1 2 2 1
4 -> bct 21 11 7 3 0 5 2 1 1
4 -> bct 22 11 3 0 6 2 4 3 1
4 -> bct 23 11 4 4 1 5 3 1 1
4 -> bct 24 11 4 0 5 3 0 3 1
4 -> bct 25 11 2 4 4 2 3 1 0
4 -> bct 26 11 3 0 7 4 3 3 0
4 -> bct 27 11 0 6 3 5 3 0 0
4 -> bct 28 11 7 3 3 3 2 1 1
4 -> bct 29 11 8 6 5 4 4 2 1
4 -> bct 0 12 6 3 1 1 1 0 0
4 -> bct 1 12 0 2 1 1 3 1 0
4 -> bct 2 12 9 7 0 5 4 0 0
4 -> bct 3 12 4 0 6 3 2 2 0
4 -> bct 4 12 4 1 5 0 3 3 0
4 -> bct 5 12 0 1 7 0 2 2 0
4 -> bct 6 12 0 3 4 0 2 1 0
4 -> bct 7 12 5 2 0 1 4 2 1
4 -> bct 8 12 9 7 7 5 3 0 0
4 -> bct 9 12 8 3 7 1 0 2 1
4 -> bct 10 12 4 6 1 4 1 0 1
4 -> bct 11 12 9 3 6 5 2 3 1
4 -> bct 12 12 5 6 0 4 3 3 0
4 -> bct 13 12 1 0 1 4 2 0 1
4 -> bct 14 12 7 0 0 0 4 3 0
4 -> bct 15 12 0 4 6 3 2 1 1
4 -> bct 16 12 3 4 3 3 3 0 0
4 -> bct 17 12 4 1 6 0 0 3 1
4 -> bct 18 12 6 2 6 2 3 3 1
4 -> bct 19 12 2 4 1 1 2 3 0
4 -> bct 20 12 6 1 6 1 2 2 0
4 -> bct 21 12 2 6 5 4 0 0 1
4 -> bct 22 12 7 5 7 3 1 1 0
4 -> bct 23 12 5 6 7 1 2 0 0
4 -> bct 24 12 2 1 5 5 0 2 1
4 -> bct 25 12 3 2 2 0 4 0 0
4 -> bct 26 12 9 3 7 0 3 3 1
4 -> bct 27 12 9 5 1 5 4 2 0
4 -> bct 28 12 3 5 4 2 0 0 1
4 -> bct 29 12 1 7 3 3 4 1 0
4 -> bct 0 13 0 0 3 0 0 3 0
4 -> bct 1 13 7 5 7 1 2 0 1
4 -> bct 2 13 2 7 5 5 1 3 0
4 -> bct 3 13 1 4 2 4 1 0 0
4 -> bct 4 13 7 1 1 4 4 0 1
4 -> bct 5 13 7 3 0 3 2 3 1
4 -> bct 6 13 4 0 2 5 3 1 0
4 -> bct 7 13 6 6 6 4 3 3 0
4 -> bct 8 13 7 0 6 5 1 1 0
4 -> bct 9 13 7 4 0 1 1 2 1
4 -> bct 10 13 1 2 5 5 0 1 0
4 -> bct 11 13 3 0 4 3 0 3 0
4 -> bct 12 13 0 4 2 3 1 0 1
4 -> bct 13 13 4 2 1 4 0 2 1
4 -> bct 14 13 8 1 1 2 3 3 0
4 -> bct 15 13 0 5 4 3 0 3 0
4 -> bct 16 13 0 7 7 2 1 1 0
4 -> bct 17 13 7 1 3 2 3 3 1
4 -> bct 18 13 8 6 2 5 1 3 0
4 -> bct 19 13 9 1 4 2 0 0 1
4 -> bct 20 13 9 1 5 4 4 2 1
4 -> bct 21 13 9 0 4 5 1 0 0
4 -> bct 22 13 4 6 3 1 4 2 0
4 -> bct 23 13 1 7 5 1 2 1 1
4 -> bct 24 13 1 0 5 4 3 2 0
4 -> bct 25 13 7 0 1 2 4 0 0
4 -> bct 26 13 0 2 3 2 0 0 0
4 -> bct 27 13 7 5 2 3 3 0 1
4 -> bct 28 13 1 5 6 0 3 2 0
4 -> bct 29 13 1 3 5 0 0 1 1
4 -> bct 0 14 8 3 7 2 2 2 0
4 -> bct 1 14 6 7 7 2 3 2 1
4 -> bct 2 14 7 7 5 2 1 1 0
4 -> bct 3 14 7 6 2 4 4 2 0
4 -> bct 4 14 1 5 6 4 4 3 1
4 -> bct 5 14 1 2 5 4 3 1 0
4 -> bct 6 14 2 4 4 1 3 1 0
4 -> bct 7 14 0 2 5 4 3 0 1
4 -> bct 8 14 0 4 4 4 2 2 0
4 -> bct 9 14 3 3 1 0 1 3 0
4 -> bct 10 14 4 3 4 1 0 2 1
4 -> bct 11 14 6 5 3 2 0 0 1
4 -> bct 12 14 7 4 6 4 4 0 1
4 -> bct 13 14 0 4 3 3 2 0 1
4 -> bct 14 14 5 6 5 3 1 3 1
4 -> bct 15 14 1 3 6 0 4 2 1
4 -> bct 16 14 0 2 5 1 2 1 0
4 -> bct 17 14 6 3 5 3 1 2 1
4 -> bct 18 14 4 2 6 1 0 3 1
4 -> bct 19 14 7 7 5 1 2 2 1
4 -> bct 20 14 3 2 6 3 2 1 1
4 -> bct 21 14 2 6 7 0 0 1 1
4 -> bct 22 14 7 3 4 1 0 2 0
4 -> bct 23 14 3 1 2 4 2 2 0
4 -> bct 24 14 5 5 4 4 0 3 0
4 -> bct 25 14 8 3 6 1 2 1 0
4 -> bct 26 14 2 7 0 3 1 1 0
4 -> bct 27 14 4 2 2 4 0 1 0
4 -> bct 28 14 1 1 5 4 3 1 1
4 -> bct 29 14 2 2 4 2 2 1 1
4 -> bct 0 15 8 6 1 0 0 3 0
4 -> bct 1 15 1 6 1 0 1 3 1
4 -> bct 2 15 6 1 3 4 4 3 1
4 -> bct 3 15 5 2 1 5 3 1 1
4 -> bct 4 15 3 6 3 4 2 3 0
4 -> bct 5 15 3 0 2 0 0 3 0
4 -> bct 6 15 0 6 6 5 1 2 0
4 -> bct 7 15 3 3 5 0 3 1 1
4 -> bct 8 15 2 6 1 4 1 2 0
4 -> bct 9 15 0 2 3 2 0 3 1
4 -> bct 10 15 8 0 6 5 4 3 1
4 -> bct 11 15 9 3 6 2 1 3 0
4 -> bct 12 15 8 4 4 3 2 2 0
4 -> bct 13 15 1 0 0 1 0 3 0
4 -> bct 14 15 1 1 4 0 2 0 1
4 -> bct 15 15 9 7 1 5 3 2 1
4 -> bct 16 15 8 0 0 1 2 0 0
4 -> bct 17 15 2 1 1 1 2 0 0
4 -> bct 18 15 8 0 4 3 3 0 1
4 -> bct 19 15 5 1 2 2 4 3 0
4 -> bct 20 15 2 1 1 1 4 1 0
4 -> bct 21 15 8 6 2 5 0 2 0
4 -> bct 22 15 2 4 1 1 1 3 1
4 -> bct 23 15 4 4 3 3 3 1 0
4 -> bct 24 15 9 7 6 1 4 3 0
4 -> bct 25 15 7 3 5 4 3 2 0
4 -> bct 26 15 2 6 6 3 0 2 0
4 -> bct 27 15 7 4 4 0 3 3 1
4 -> bct 28 15 3 4 7 0 1 2 1
4 -> bct 29 15 1 2 2 5 3 3 1
4 -> bct 0 16 2 0 2 2 3 0 1
4 -> bct 1 16 9 6 4 1 0 2 0
4 -> bct 2 16 2 1 7 5 1 3 0
4 -> bct 3 16 1 6 4 3 3 2 1
4 -> bct 4 16 4 3 4 2 0 1 0
4 -> bct 5 16 5 2 6 1 3 1 0
4 -> bct 6 16 5 7 3 1 0 3 0
4 -> bct 7 16 6 5 0 1 4 0 0
4 -> bct 8 16 8 3 4 5 1 3 0
4 -> bct 9 16 7 5 5 2 3 0 1
4 -> bct 10 16 6 4 4 0 3 2 0
4 -> bct 11 16 3 3 3 2 3 1 1
4 -> bct 12 16 5 5 4 0 3 0 1
4 -> bct 13 16 7 4 5 2 2 2 0
4 -> bct 14 16 9 1 6 2 4 2 1
4 -> bct 15 16 5 3 4 4 2 3 1
4 -> bct 16 16 6 0 6 5 3 2 0
4 -> bct 17 16 1 0 4 3 0 3 1
4 -> bct 18 16 9 7 6 5 0 0 0
4 -> bct 19 16 9 7 2 4 2 3 1
4 -> bct 20 16 1 7 1 4 4 3 1
4 -> bct 21 16 9 7 7 3 1 0 0
4 -> bct 22 16 0 2 7 1 3 2 1
4 -> bct 23 16 8 6 0 5 3 3 0
4 -> bct 24 16 2 6 3 2 0 1 0
4 -> bct 25 16 6 7 2 0 1 0 0
4 -> bct 26 16 6 5 0 3 1 0 1
4 -> bct 27 16 1 3 7 2 3 0 0
4 -> bct 28 16 8 7 6 3 2 2 1
4 -> bct 29 16 2 2 6 5 2 2 1
4 -> bct 0 17 6 4 6 3 1 1 1
4 -> bct 1 17 0 7 6 1 4 1 0
4 -> bct 2 17 7 3 3 0 3 0 1
4 -> bct 3 17 2 0 1 2 1 3 0
4 -> bct 4 17 1 5 5 0 4 2 0
4 -> bct 5 17 6 0 4 3 2 0 1
4 -> bct 6 17 0 0 4 0 4 2 1
4 -> bct 7 17 5 3 1 4 3 3 0
4 -> bct 8 17 1 4 6 2 3 1 0
4 -> bct 9 17 6 3 6 3 1 3 0
4 -> bct 10 17 2 6 3 5 2 0 1
4 -> bct 11 17 0 4 0 1 4 0 1
4 -> bct 12 17 6 4 5 0 1 3 0
4 -> bct 13 17 7 2 4 1 1 1 1
4 -> bct 14 17 3 5 1 0 3 2 0
4 -> bct 15 17 1 0 2 3 1 2 1
4 -> bct 16 17 1 6 5 1 0 0 0
4 -> bct 17 17 7 6 0 4 4 3 1
4 -> bct 18 17 0 0 3 2 2 1 1
4 -> bct 19 17 9 2 5 2 0 2 0
4 -> bct 20 17 1 1 3 4 2 1 0
4 -> bct 21 17 7 1 3 0 4 0 1
4 -> bct 22 17 6 4 5 0 0 0 1
4 -> bct 23 17 0 0 2 2 4 0 1
4 -> bct 24 17 0 7 3 1 1 0 1
4 -> bct 25 17 0 5 0 5 4 2 1
4 -> bct 26 17 1 3 3 5 4 2 0
4 -> bct 27 17 4 2 6 2 2 1 1
4 -> bct 28 17 0 6 0 5 4 2 1
4 -> bct 29 17 8 7 3 2 3 0 0
4 -> bct 0 18 1 4 7 5 3 2 0
4 -> bct 1 18 4 1 2 0 1 1 0
4 -> bct 2 18 6 3 1 3 0 2 1
4 -> bct 3 18 2 7 2 4 2 0 0
4 -> bct 4 18 8 6 3 3 1 2 1
4 -> bct 5 18 4 4 2 5 2 3 1
4 -> bct 6 18 3 3 1 1 0 1 0
4 -> bct 7 18 3 2 5 5 1 2 0
4 -> bct 8 18 6 6 2 4 4 2 0
4 -> bct 9 18 9 5 6 2 1 3 0
4 -> bct 10 18 9 6 7 1 1 3 1
4 -> bct 11 18 1 3 1 4 0 0 0
4 -> bct 12 18 0 7 5 1 4 3 0
4 -> bct 13 18 6 3 4 0 4 3 0
4 -> bct 14 18 8 1 5 1 3 2 1
4 -> bct 15 18 1 5 7 3 2 2 1
4 -> bct 16 18 8 1 4 4 0 1 1
4 -> bct 17 18 7 7 4 3 1 1 0
4 -> bct 18 18 0 0 1 2 2 0 0
4 -> bct 19 18 2 6 6 1 4 3 1
4 -> bct 20 18 1 7 0 0 1 2 1
4 -> bct 21 18 5 0 6 5 3 1 1
4 -> bct 22 18 4 3 5 5 0 2 0
4 -> bct 23 18 6 5 0 5 2 2 1
4 -> bct 24 18 4 6 1 2 3 2 0
4 -> bct 25 18 1 2 7 1 4 1 1
4 -> bct 26 18 9 6 6 5 0 2 0
4 -> bct 27 18 2 1 6 0 1 0 0
4 -> bct 28 18 7 5 7 4 3 1 1
4 -> bct 29 18 9 1 6 3 3 2 1
4 -> bct 0 19 0 5 2 2 0 0 0
4 -> bct 1 19 2 4 3 3 2 0 1
4 -> bct 2 19 8 4 6 1 4 1 1
4 -> bct 3 19 6 2
 5 0 4 2 1
4 -> bct 4 19 5 1 0 0 1 3 0
4 -> bct 5 19 5 0 1 4 3 0 0
4 -> bct 6 19 3 7 0 5 1 2 1
4 -> bct 7 19 9 7 5 2 3 3 1
4 -> bct 8 19 6 0 6 2 4 3 1
4 -> bct 9 19 2 2 2 2 1 2 1
4 -> bct 10 19 6 5 6 3 3 0 0
4 -> bct 11 19 8 1 5 3 1 3 0
4 -> bct 12 19 8 3 3 1 2 3 0
4 -> bct 13 19 6 3 7 5 1 3 1
4 -> bct 14 19 1 6 0 0 2 0 0
4 -> bct 15 19 8 4 7 2 2 0 1
4 -> bct 16 19 4 2 2 2 1 2 1
4 -> bct 17 19 2 3 7 2 4 0 0
4 -> bct 18 19 5 3 3 1 1 3 0
4 -> bct 19 19 9 1 4 4 3 2 1
4 -> bct 20 19 3 7 2 1 3 3 0
4 -> bct 21 19 3 6 1 3 0 3 1
4 -> bct 22 19 5 4 3 3 3 0 0
4 -> bct 23 19 1 5 1 1 2 1 0
4 -> bct 24 19 1 5 2 0 4 1 1
4 -> bct 25 19 6 2 7 4 3 0 0
4 -> bct 26 19 8 3 6 2 0 1 0
4 -> bct 27 19 8 5 2 0 3 2 0
4 -> bct 28 19 8 2 6 1 1 1 0
4 -> bct 29 19 7 7 4 2 4 2 0
4 -> tna TeamA
4 -> tna TeamB
4 -> agt 7.500000
client 4 dead
quitte normalement
